16
            9          1         12        4        8        13        10        2        3       15         7        11         5         6       14       16       17
9  0.00000000 0.05436344 0.08375341 5.558343 5.558343 5.5583434 5.5583434 5.558343 5.558343 7.164182 7.1641823 7.1641823 7.1641823 7.1641823 7.164182 7.164182 3.582091
1  0.05436344 0.00000000 0.08375341 5.558343 5.558343 5.5583434 5.5583434 5.558343 5.558343 7.164182 7.1641823 7.1641823 7.1641823 7.1641823 7.164182 7.164182 3.582091
12 0.08375341 0.08375341 0.00000000 5.558343 5.558343 5.5583434 5.5583434 5.558343 5.558343 7.164182 7.1641823 7.1641823 7.1641823 7.1641823 7.164182 7.164182 3.582091
4  5.55834339 5.55834339 5.55834339 0.000000 2.406546 5.1799874 5.1799874 5.179987 5.179987 7.164182 7.1641823 7.1641823 7.1641823 7.1641823 7.164182 7.164182 3.582091
8  5.55834339 5.55834339 5.55834339 2.406546 0.000000 5.1799874 5.1799874 5.179987 5.179987 7.164182 7.1641823 7.1641823 7.1641823 7.1641823 7.164182 7.164182 3.582091
13 5.55834339 5.55834339 5.55834339 5.179987 5.179987 0.0000000 0.9916746 3.532028 3.532028 7.164182 7.1641823 7.1641823 7.1641823 7.1641823 7.164182 7.164182 3.582091
10 5.55834339 5.55834339 5.55834339 5.179987 5.179987 0.9916746 0.0000000 3.532028 3.532028 7.164182 7.1641823 7.1641823 7.1641823 7.1641823 7.164182 7.164182 3.582091
2  5.55834339 5.55834339 5.55834339 5.179987 5.179987 3.5320279 3.5320279 0.000000 1.986315 7.164182 7.1641823 7.1641823 7.1641823 7.1641823 7.164182 7.164182 3.582091
3  5.55834339 5.55834339 5.55834339 5.179987 5.179987 3.5320279 3.5320279 1.986315 0.000000 7.164182 7.1641823 7.1641823 7.1641823 7.1641823 7.164182 7.164182 3.582091
15 7.16418233 7.16418233 7.16418233 7.164182 7.164182 7.1641823 7.1641823 7.164182 7.164182 0.000000 2.5347142 2.5347142 6.5863053 6.5863053 6.586305 7.083287 3.582091
7  7.16418233 7.16418233 7.16418233 7.164182 7.164182 7.1641823 7.1641823 7.164182 7.164182 2.534714 0.0000000 0.2802457 6.5863053 6.5863053 6.586305 7.083287 3.582091
11 7.16418233 7.16418233 7.16418233 7.164182 7.164182 7.1641823 7.1641823 7.164182 7.164182 2.534714 0.2802457 0.0000000 6.5863053 6.5863053 6.586305 7.083287 3.582091
5  7.16418233 7.16418233 7.16418233 7.164182 7.164182 7.1641823 7.1641823 7.164182 7.164182 6.586305 6.5863053 6.5863053 0.0000000 0.4457424 1.452472 7.083287 3.582091
6  7.16418233 7.16418233 7.16418233 7.164182 7.164182 7.1641823 7.1641823 7.164182 7.164182 6.586305 6.5863053 6.5863053 0.4457424 0.0000000 1.452472 7.083287 3.582091
14 7.16418233 7.16418233 7.16418233 7.164182 7.164182 7.1641823 7.1641823 7.164182 7.164182 6.586305 6.5863053 6.5863053 1.4524715 1.4524715 0.000000 7.083287 3.582091
16 7.16418233 7.16418233 7.16418233 7.164182 7.164182 7.1641823 7.1641823 7.164182 7.164182 7.083287 7.0832870 7.0832870 7.0832870 7.0832870 7.083287 0.000000 3.582091
17 3.58209117 3.58209117 3.58209117 3.582091 3.582091 3.5820912 3.5820912 3.582091 3.582091 3.582091 3.5820912 3.5820912 3.5820912 3.5820912 3.582091 3.582091 0.000000